{
  "urdf": "../../example-dataset/guodi/a2d/g1/g1_flat.urdf",
  "base_link": "base_link",
  "base_forward_axis": "-x",
  "base_frame_axes": {
    "_note": "base_link axis directions, validated via FK + depth reconstruction. Right-handed (x_hat x y_hat = z_hat); origin ~floor level. x points to the rear (unlike REP-103 x-forward). The arm_l link sits at +y, so the l/r arm naming is mirror-flipped vs the base frame (likely operator-facing perspective).",
    "+x": "robot rear (forward is -x)",
    "+y": "robot right",
    "+z": "up"
  },
  "joint_mapping": {
    "waist": {
      "h5_path": "joints/state/waist/position",
      "entries": [
        {"h5_index": 0, "urdf_joint": "idx02_body_joint2", "sign": -1},
        {"h5_index": 1, "urdf_joint": "idx01_body_joint1", "sign": 1}
      ]
    },
    "head": {
      "h5_path": "joints/state/head/position",
      "entries": [
        {"h5_index": 0, "urdf_joint": "idx11_head_joint1", "sign": 1},
        {"h5_index": 1, "urdf_joint": "idx12_head_joint2", "sign": 1}
      ]
    },
    "arm": {
      "h5_path": "joints/state/arm/position",
      "entries": [
        {"h5_index": 0, "urdf_joint": "idx21_arm_l_joint1", "sign": 1},
        {"h5_index": 1, "urdf_joint": "idx22_arm_l_joint2", "sign": 1},
        {"h5_index": 2, "urdf_joint": "idx23_arm_l_joint3", "sign": 1},
        {"h5_index": 3, "urdf_joint": "idx24_arm_l_joint4", "sign": 1},
        {"h5_index": 4, "urdf_joint": "idx25_arm_l_joint5", "sign": 1},
        {"h5_index": 5, "urdf_joint": "idx26_arm_l_joint6", "sign": 1},
        {"h5_index": 6, "urdf_joint": "idx27_arm_l_joint7", "sign": 1},
        {"h5_index": 7, "urdf_joint": "idx61_arm_r_joint1", "sign": 1},
        {"h5_index": 8, "urdf_joint": "idx62_arm_r_joint2", "sign": 1},
        {"h5_index": 9, "urdf_joint": "idx63_arm_r_joint3", "sign": 1},
        {"h5_index": 10, "urdf_joint": "idx64_arm_r_joint4", "sign": 1},
        {"h5_index": 11, "urdf_joint": "idx65_arm_r_joint5", "sign": 1},
        {"h5_index": 12, "urdf_joint": "idx66_arm_r_joint6", "sign": 1},
        {"h5_index": 13, "urdf_joint": "idx67_arm_r_joint7", "sign": 1}
      ]
    }
  },
  "cameras": {
    "head": {
      "mount_link": "head_link2",
      "modality": "depth",
      "extrinsic": {
        "rotation_matrix": [[-0.0069861770248138555, 0.02029780795996288, -0.9997695696122174], [-0.0036124667532492034, -0.9997879565509298, -0.020272938111510555], [-0.9999690712289729, 0.003470003996674296, 0.007058020808160648]],
        "translation_vector": [-0.08149966200246173, 0.038757164296982845, -0.011918301395948858]
      }
    },
    "hand_left": {
      "mount_link": "arm_l_end_link",
      "modality": "color",
      "projection_targets": ["gripper_l_center_link"],
      "extrinsic": {
        "rotation_matrix": [[0.8523898267701582, -0.4702118332055764, -0.2287627922809802], [0.5228299180867078, 0.7738835323495892, 0.3574257337008193], [0.00896994828224992, -0.42427009118198944, 0.9054912643180166]],
        "translation_vector": [0.026902772729325057, -0.05238394179478759, 0.0448980849577389]
      }
    },
    "hand_right": {
      "mount_link": "arm_r_end_link",
      "modality": "color",
      "projection_targets": ["gripper_right_center_link"],
      "extrinsic": {
        "rotation_matrix": [[0.8635642120745926, 0.45148563195563496, 0.2245385841266686], [-0.5042116668108338, 0.7778033798871753, 0.37522326325526134], [-0.005238957513546516, -0.43724435545093937, 0.899327485930717]],
        "translation_vector": [-0.04359605326565453, -0.05127881644128651, 0.05391487976623609]
      }
    }
  },
  "_extrinsic_note": "Per-camera extrinsic E = [[R|t],[0,1]] maps camera-optical-frame points into the mount_link frame: T_base_cam = T_base_link @ E. Copied from the source h5 parameters/camera/*.json. NOTE: the extrinsic-checker tool currently reads E from the h5 at runtime, not from here; these are stored for downstream use (e.g. adding camera poses to states).",
  "thresholds": {"plane_vertical_min": 0.85, "table_height_range": [0.3, 1.2]}
}
